              precision    recall  f1-score   support

           0       0.00      0.00      0.00         4
           1       0.00      0.00      0.00         1
           2       1.00      1.00      1.00         3
           3       0.50      0.17      0.25         6
           4       1.00      0.50      0.67         8
           5       0.33      0.33      0.33         3
           6       0.50      0.80      0.62         5
           7       0.00      0.00      0.00         4
           8       0.19      1.00      0.32         4
           9       0.00      0.00      0.00         3
          10       0.50      0.25      0.33         4
          11       0.22      0.67      0.33         3
          12       0.75      0.75      0.75         4
          13       1.00      0.20      0.33         5

    accuracy                           0.42        57
   macro avg       0.43      0.40      0.35        57
weighted avg       0.51      0.42      0.39        57

Accuracy: 0.4211