1689120799289 0.9374613220235493 1
1689120816891 0.9374613220235493 2
1689120834779 0.9374613220235493 3
1689120855022 0.9374613220235493 4
1689120875841 0.9375314580875134 5
1689120896079 0.9378120023433696 6
1689120917647 0.9378120023433696 7
1689120939804 0.9378120023433696 8
1689120958807 0.9378120023433696 9
1689120979893 0.9378120023433696 10
1689120997062 0.9378120023433696 11
1689121013098 0.9378120023433696 12
1689121029732 0.9378120023433696 13
1689121046330 0.9378120023433696 14
1689121063465 0.9378120023433696 15
1689121082852 0.9378120023433696 16
1689121099603 0.9378120023433696 17
1689121116698 0.9378120023433696 18
1689121139822 0.9378120023433696 19
