1689120799290 0.9705882352941176 1
1689120816892 0.9705882352941176 2
1689120834780 0.9705882352941176 3
1689120855023 0.9705882352941176 4
1689120875842 0.9705882352941176 5
1689120896080 0.9705882352941176 6
1689120917648 0.9705882352941176 7
1689120939805 0.9705882352941176 8
1689120958809 0.9705882352941176 9
1689120979894 0.9705882352941176 10
1689120997063 0.9705882352941176 11
1689121013100 0.9705882352941176 12
1689121029733 0.9705882352941176 13
1689121046332 0.9705882352941176 14
1689121063466 0.9705882352941176 15
1689121082853 0.9705882352941176 16
1689121099605 0.9705882352941176 17
1689121116699 0.9705882352941176 18
1689121139824 0.9705882352941176 19
