1689120799291 0.8847750488889622 1
1689120816894 0.8906646217190761 2
1689120834781 0.9006033764326322 3
1689120855024 0.9003560230376343 4
1689120875844 0.9077435577962423 5
1689120896082 0.9028908229023129 6
1689120917650 0.9123098281253869 7
1689120939807 0.9208990824552572 8
1689120958810 0.918806820525938 9
1689120979897 0.9259813685608903 10
1689120997065 0.937812002343369 11
1689121013104 0.937812002343369 12
1689121029735 0.937812002343369 13
1689121046334 0.937812002343369 14
1689121063468 0.937812002343369 15
1689121082854 0.937812002343369 16
1689121099607 0.937812002343369 17
1689121116701 0.937812002343369 18
1689121139828 0.937812002343369 19
