1689120799292 0.8679411764705884 1
1689120816895 0.8785294117647058 2
1689120834782 0.8988235294117647 3
1689120855025 0.8985294117647058 4
1689120875845 0.9129411764705883 5
1689120896083 0.9020588235294117 6
1689120917651 0.9205882352941175 7
1689120939808 0.9373529411764704 8
1689120958811 0.9329411764705883 9
1689120979899 0.9470588235294117 10
1689120997066 0.9705882352941175 11
1689121013105 0.9705882352941175 12
1689121029736 0.9705882352941175 13
1689121046335 0.9705882352941175 14
1689121063468 0.9705882352941175 15
1689121082855 0.9705882352941175 16
1689121099608 0.9705882352941175 17
1689121116702 0.9705882352941175 18
1689121139830 0.9705882352941175 19
