              precision    recall  f1-score   support

           0       0.00      0.00      0.00         4
           1       0.02      1.00      0.05         1
           2       0.00      0.00      0.00         3
           3       0.00      0.00      0.00         6
           4       0.00      0.00      0.00         8
           5       0.00      0.00      0.00         3
           6       0.00      0.00      0.00         5
           7       0.00      0.00      0.00         4
           8       0.00      0.00      0.00         4
           9       0.00      0.00      0.00         3
          10       0.00      0.00      0.00         4
          11       0.00      0.00      0.00         3
          12       0.00      0.00      0.00         4
          13       0.00      0.00      0.00         5

    accuracy                           0.02        57
   macro avg       0.00      0.07      0.00        57
weighted avg       0.00      0.02      0.00        57

Accuracy: 0.0175