1689159924081 0.885134661242811 1
1689159942208 0.892270634442583 2
1689159960207 0.903324820740472 3
1689159978105 0.9091716311998218 4
1689159994449 0.9312313830006684 5
1689160007246 0.9488167014596552 6
1689160025879 0.9481335349401369 7
1689160048821 0.9503859340060898 8
1689160070454 0.94896584373685 9
1689160094916 0.9514658437368501 10
1689160127721 0.9514658437368501 11
1689160152437 0.9505834907956736 12
1689160173000 0.9514658437368501 13
1689160209053 0.9514658437368501 14
1689160232942 0.9514658437368501 15
1689160270989 0.9514658437368501 16
1689160297973 0.9514658437368501 17
1689160325397 0.9514658437368501 18
1689160352835 0.9514658437368501 19
