1689159924081 0.8700000000000001 1
1689159942209 0.8841176470588235 2
1689159960208 0.9058823529411765 3
1689159978106 0.9173529411764706 4
1689159994449 0.9611764705882354 5
1689160007247 0.9955882352941177 6
1689160025880 0.9938235294117647 7
1689160048821 0.9979411764705881 8
1689160070455 0.995 9
1689160094917 1.0 10
1689160127722 1.0 11
1689160152438 0.9982352941176471 12
1689160173001 1.0 13
1689160209054 1.0 14
1689160232942 1.0 15
1689160270990 1.0 16
1689160297974 1.0 17
1689160325397 1.0 18
1689160352836 1.0 19
