1689159924084 24.38359284436976 1
1689159942211 24.242227620414752 2
1689159960210 16.470734652710547 3
1689159978108 19.040336131486754 4
1689159994451 15.264897641320758 5
1689160007249 5.04951482817904 6
1689160025883 3.5538148516769974 7
1689160048824 2.337006632425334 8
1689160070457 0.34641016151377546 9
1689160094919 0.0 10
1689160127724 0.0 11
1689160152440 0.1414213562373095 12
1689160173004 0.0 13
1689160209057 0.0 14
1689160232945 0.0 15
1689160270994 0.0 16
1689160297976 0.0 17
1689160325400 0.0 18
1689160352838 0.0 19
