1689159924078 0.922755439670608 1
1689159942205 0.9369703695758006 2
1689159960205 0.951045027353065 3
1689159978103 0.951045027353065 4
1689159994446 0.951045027353065 5
1689160007244 0.9514658437368495 6
1689160025877 0.9514658437368495 7
1689160048818 0.9514658437368495 8
1689160070452 0.9514658437368495 9
1689160094913 0.9514658437368495 10
1689160127717 0.9514658437368495 11
1689160152435 0.9514658437368495 12
1689160172997 0.9514658437368495 13
1689160209050 0.9514658437368495 14
1689160232939 0.9514658437368495 15
1689160270984 0.9514658437368495 16
1689160297970 0.9514658437368495 17
1689160325394 0.9514658437368495 18
1689160352833 0.9514658437368495 19
