1689159924083 0.05080323668952096 1
1689159942210 0.056852264078010556 2
1689159960210 0.05294117647058824 3
1689159978108 0.057136847805620415 4
1689159994451 0.0472203111538576 5
1689160007248 0.015770301904064133 6
1689160025882 0.019194415998834983 7
1689160048823 0.010402787755192587 8
1689160070456 0.020820122685770107 9
1689160094918 0.0 10
1689160127724 0.0 11
1689160152440 0.01235294117647059 12
1689160173003 0.0 13
1689160209056 0.0 14
1689160232944 0.0 15
1689160270993 0.0 16
1689160297975 0.0 17
1689160325399 0.0 18
1689160352838 0.0 19
