1689159924083 0.0253685532132344 1
1689159942210 0.02842809894140388 2
1689159960209 0.02652706208502491 3
1689159978107 0.028555210996918386 4
1689159994450 0.023765255132603174 5
1689160007248 0.007915543943511138 6
1689160025881 0.009577770285510311 7
1689160048823 0.005225653060986267 8
1689160070456 0.010416032688858498 9
1689160094918 5.551115123125783e-16 10
1689160127723 5.551115123125783e-16 11
1689160152439 0.00617647855243464 12
1689160173003 5.551115123125783e-16 13
1689160209055 5.551115123125783e-16 14
1689160232944 5.551115123125783e-16 15
1689160270992 5.551115123125783e-16 16
1689160297975 5.551115123125783e-16 17
1689160325398 5.551115123125783e-16 18
1689160352837 5.551115123125783e-16 19
