              precision    recall  f1-score   support

           0       0.33      0.75      0.46         4
           1       0.00      0.00      0.00         1
           2       0.43      1.00      0.60         3
           3       1.00      0.17      0.29         6
           4       1.00      0.62      0.77         8
           5       0.67      0.67      0.67         3
           6       1.00      0.40      0.57         5
           7       0.00      0.00      0.00         4
           8       0.00      0.00      0.00         4
           9       0.00      0.00      0.00         3
          10       0.00      0.00      0.00         4
          11       0.12      0.33      0.18         3
          12       0.50      0.75      0.60         4
          13       1.00      0.40      0.57         5

    accuracy                           0.39        57
   macro avg       0.43      0.36      0.34        57
weighted avg       0.54      0.39      0.39        57

Accuracy: 0.3860