              precision    recall  f1-score   support

           0       0.00      0.00      0.00         4
           1       0.00      0.00      0.00         1
           2       1.00      1.00      1.00         3
           3       0.30      0.50      0.38         6
           4       1.00      1.00      1.00         8
           5       1.00      0.33      0.50         3
           6       1.00      0.20      0.33         5
           7       0.00      0.00      0.00         4
           8       0.00      0.00      0.00         4
           9       0.16      1.00      0.27         3
          10       0.00      0.00      0.00         4
          11       0.50      0.67      0.57         3
          12       1.00      0.25      0.40         4
          13       0.33      0.40      0.36         5

    accuracy                           0.42        57
   macro avg       0.45      0.38      0.34        57
weighted avg       0.50      0.42      0.39        57

Accuracy: 0.4211