              precision    recall  f1-score   support

           0       0.25      0.25      0.25         4
           1       0.04      1.00      0.08         1
           2       0.50      0.33      0.40         3
           3       0.00      0.00      0.00         6
           4       1.00      0.25      0.40         8
           5       0.67      0.67      0.67         3
           6       0.60      0.60      0.60         5
           7       0.00      0.00      0.00         4
           8       0.00      0.00      0.00         4
           9       0.00      0.00      0.00         3
          10       0.00      0.00      0.00         4
          11       0.00      0.00      0.00         3
          12       1.00      0.25      0.40         4
          13       0.00      0.00      0.00         5

    accuracy                           0.19        57
   macro avg       0.29      0.24      0.20        57
weighted avg       0.34      0.19      0.21        57

Accuracy: 0.1930