              precision    recall  f1-score   support

           0       0.14      0.25      0.18         4
           1       0.00      0.00      0.00         1
           2       1.00      1.00      1.00         3
           3       1.00      0.33      0.50         6
           4       0.89      1.00      0.94         8
           5       0.40      0.67      0.50         3
           6       0.80      0.80      0.80         5
           7       0.50      0.75      0.60         4
           8       0.33      0.25      0.29         4
           9       0.25      0.67      0.36         3
          10       1.00      0.25      0.40         4
          11       1.00      0.67      0.80         3
          12       1.00      0.25      0.40         4
          13       1.00      0.20      0.33         5

    accuracy                           0.54        57
   macro avg       0.67      0.51      0.51        57
weighted avg       0.74      0.54      0.56        57

Accuracy: 0.5439