              precision    recall  f1-score   support

           0       0.00      0.00      0.00         4
           1       0.00      0.00      0.00         1
           2       1.00      1.00      1.00         3
           3       1.00      0.17      0.29         6
           4       1.00      0.88      0.93         8
           5       1.00      0.33      0.50         3
           6       0.80      0.80      0.80         5
           7       1.00      0.50      0.67         4
           8       0.38      0.75      0.50         4
           9       0.12      0.67      0.21         3
          10       0.20      0.50      0.29         4
          11       1.00      0.67      0.80         3
          12       1.00      0.50      0.67         4
          13       0.00      0.00      0.00         5

    accuracy                           0.51        57
   macro avg       0.61      0.48      0.47        57
weighted avg       0.66      0.51      0.51        57

Accuracy: 0.5088