              precision    recall  f1-score   support

           0       0.00      0.00      0.00         4
           1       0.00      0.00      0.00         1
           2       1.00      0.67      0.80         3
           3       0.33      0.17      0.22         6
           4       1.00      0.62      0.77         8
           5       1.00      0.33      0.50         3
           6       0.80      0.80      0.80         5
           7       0.00      0.00      0.00         4
           8       0.00      0.00      0.00         4
           9       0.00      0.00      0.00         3
          10       0.00      0.00      0.00         4
          11       1.00      0.67      0.80         3
          12       1.00      0.50      0.67         4
          13       0.16      1.00      0.27         5

    accuracy                           0.39        57
   macro avg       0.45      0.34      0.34        57
weighted avg       0.49      0.39      0.38        57

Accuracy: 0.3860