              precision    recall  f1-score   support

           0       0.33      0.25      0.29         4
           1       0.00      0.00      0.00         1
           2       0.00      0.00      0.00         3
           3       0.00      0.00      0.00         6
           4       0.00      0.00      0.00         8
           5       0.00      0.00      0.00         3
           6       0.00      0.00      0.00         5
           7       0.50      0.25      0.33         4
           8       0.00      0.00      0.00         4
           9       0.00      0.00      0.00         3
          10       0.00      0.00      0.00         4
          11       0.00      0.00      0.00         3
          12       0.12      0.25      0.17         4
          13       0.20      0.80      0.32         5

    accuracy                           0.12        57
   macro avg       0.08      0.11      0.08        57
weighted avg       0.08      0.12      0.08        57

Accuracy: 0.1228