              precision    recall  f1-score   support

           0       0.00      0.00      0.00         4
           1       0.00      0.00      0.00         1
           2       0.00      0.00      0.00         3
           3       0.00      0.00      0.00         6
           4       0.50      0.12      0.20         8
           5       0.50      0.33      0.40         3
           6       0.33      0.20      0.25         5
           7       0.00      0.00      0.00         4
           8       0.00      0.00      0.00         4
           9       0.00      0.00      0.00         3
          10       0.00      0.00      0.00         4
          11       0.00      0.00      0.00         3
          12       0.09      0.50      0.15         4
          13       0.00      0.00      0.00         5

    accuracy                           0.09        57
   macro avg       0.10      0.08      0.07        57
weighted avg       0.13      0.09      0.08        57

Accuracy: 0.0877