              precision    recall  f1-score   support

           0       0.00      0.00      0.00         4
           1       0.00      0.00      0.00         1
           2       1.00      0.67      0.80         3
           3       0.00      0.00      0.00         6
           4       0.00      0.00      0.00         8
           5       0.00      0.00      0.00         3
           6       0.14      0.60      0.22         5
           7       0.00      0.00      0.00         4
           8       0.00      0.00      0.00         4
           9       0.00      0.00      0.00         3
          10       0.50      0.25      0.33         4
          11       0.00      0.00      0.00         3
          12       0.00      0.00      0.00         4
          13       0.00      0.00      0.00         5

    accuracy                           0.11        57
   macro avg       0.12      0.11      0.10        57
weighted avg       0.10      0.11      0.08        57

Accuracy: 0.1053