              precision    recall  f1-score   support

           0       0.50      0.25      0.33         4
           1       0.00      0.00      0.00         1
           2       0.00      0.00      0.00         3
           3       1.00      0.17      0.29         6
           4       1.00      0.88      0.93         8
           5       0.09      1.00      0.16         3
           6       0.00      0.00      0.00         5
           7       0.00      0.00      0.00         4
           8       0.00      0.00      0.00         4
           9       0.00      0.00      0.00         3
          10       0.00      0.00      0.00         4
          11       0.00      0.00      0.00         3
          12       0.00      0.00      0.00         4
          13       0.00      0.00      0.00         5

    accuracy                           0.21        57
   macro avg       0.18      0.16      0.12        57
weighted avg       0.29      0.21      0.19        57

Accuracy: 0.2105