              precision    recall  f1-score   support

           0       0.00      0.00      0.00         4
           1       0.00      0.00      0.00         1
           2       0.00      0.00      0.00         3
           3       0.22      0.33      0.27         6
           4       0.00      0.00      0.00         8
           5       0.33      0.67      0.44         3
           6       0.00      0.00      0.00         5
           7       0.33      0.25      0.29         4
           8       0.00      0.00      0.00         4
           9       0.00      0.00      0.00         3
          10       0.10      0.25      0.14         4
          11       0.00      0.00      0.00         3
          12       0.00      0.00      0.00         4
          13       0.50      0.40      0.44         5

    accuracy                           0.14        57
   macro avg       0.11      0.14      0.11        57
weighted avg       0.12      0.14      0.12        57

Accuracy: 0.1404