              precision    recall  f1-score   support

           0       1.00      0.25      0.40         4
           1       0.00      0.00      0.00         1
           2       1.00      0.67      0.80         3
           3       1.00      0.17      0.29         6
           4       1.00      1.00      1.00         8
           5       0.43      1.00      0.60         3
           6       1.00      0.80      0.89         5
           7       0.10      0.25      0.14         4
           8       0.67      0.50      0.57         4
           9       0.50      0.33      0.40         3
          10       0.00      0.00      0.00         4
          11       1.00      0.67      0.80         3
          12       1.00      0.75      0.86         4
          13       0.21      0.60      0.32         5

    accuracy                           0.54        57
   macro avg       0.64      0.50      0.50        57
weighted avg       0.70      0.54      0.55        57

Accuracy: 0.5439