              precision    recall  f1-score   support

           0       0.20      0.25      0.22         4
           1       0.00      0.00      0.00         1
           2       0.75      1.00      0.86         3
           3       0.20      0.67      0.31         6
           4       0.89      1.00      0.94         8
           5       0.50      0.33      0.40         3
           6       1.00      0.60      0.75         5
           7       0.00      0.00      0.00         4
           8       0.00      0.00      0.00         4
           9       0.50      0.33      0.40         3
          10       0.00      0.00      0.00         4
          11       0.50      0.33      0.40         3
          12       0.00      0.00      0.00         4
          13       0.33      0.20      0.25         5

    accuracy                           0.40        57
   macro avg       0.35      0.34      0.32        57
weighted avg       0.40      0.40      0.38        57

Accuracy: 0.4035