              precision    recall  f1-score   support

           0       0.00      0.00      0.00         4
           1       0.00      0.00      0.00         1
           2       1.00      1.00      1.00         3
           3       0.00      0.00      0.00         6
           4       1.00      1.00      1.00         8
           5       1.00      0.33      0.50         3
           6       1.00      0.40      0.57         5
           7       0.00      0.00      0.00         4
           8       0.15      1.00      0.27         4
           9       0.00      0.00      0.00         3
          10       0.00      0.00      0.00         4
          11       0.00      0.00      0.00         3
          12       1.00      0.50      0.67         4
          13       0.67      0.80      0.73         5

    accuracy                           0.42        57
   macro avg       0.42      0.36      0.34        57
weighted avg       0.47      0.42      0.40        57

Accuracy: 0.4211