              precision    recall  f1-score   support

           0       0.00      0.00      0.00         4
           1       0.00      0.00      0.00         1
           2       0.00      0.00      0.00         3
           3       0.00      0.00      0.00         6
           4       0.00      0.00      0.00         8
           5       0.00      0.00      0.00         3
           6       0.00      0.00      0.00         5
           7       0.00      0.00      0.00         4
           8       0.33      0.50      0.40         4
           9       0.50      1.00      0.67         3
          10       0.00      0.00      0.00         4
          11       0.00      0.00      0.00         3
          12       0.29      0.50      0.36         4
          13       0.00      0.00      0.00         5

    accuracy                           0.12        57
   macro avg       0.08      0.14      0.10        57
weighted avg       0.07      0.12      0.09        57

Accuracy: 0.1228